
State Machine - |Diagram|MSS:inst42|y
Name y.Tt y.Ts y.Tr y.Tq y.Tp y.Too y.Tn y.Tm y.Tl y.Tk y.Tjj y.Tj y.Ti y.Th y.Tg y.Tf y.Te y.Td y.Tc y.Tb y.Ta 
y.Ta 0 0 0 0 0 0 0 0 0 0 0 0 0 0 0 0 0 0 0 0 0 
y.Tb 0 0 0 0 0 0 0 0 0 0 0 0 0 0 0 0 0 0 0 1 1 
y.Tc 0 0 0 0 0 0 0 0 0 0 0 0 0 0 0 0 0 0 1 0 1 
y.Td 0 0 0 0 0 0 0 0 0 0 0 0 0 0 0 0 0 1 0 0 1 
y.Te 0 0 0 0 0 0 0 0 0 0 0 0 0 0 0 0 1 0 0 0 1 
y.Tf 0 0 0 0 0 0 0 0 0 0 0 0 0 0 0 1 0 0 0 0 1 
y.Tg 0 0 0 0 0 0 0 0 0 0 0 0 0 0 1 0 0 0 0 0 1 
y.Th 0 0 0 0 0 0 0 0 0 0 0 0 0 1 0 0 0 0 0 0 1 
y.Ti 0 0 0 0 0 0 0 0 0 0 0 0 1 0 0 0 0 0 0 0 1 
y.Tj 0 0 0 0 0 0 0 0 0 0 0 1 0 0 0 0 0 0 0 0 1 
y.Tjj 0 0 0 0 0 0 0 0 0 0 1 0 0 0 0 0 0 0 0 0 1 
y.Tk 0 0 0 0 0 0 0 0 0 1 0 0 0 0 0 0 0 0 0 0 1 
y.Tl 0 0 0 0 0 0 0 0 1 0 0 0 0 0 0 0 0 0 0 0 1 
y.Tm 0 0 0 0 0 0 0 1 0 0 0 0 0 0 0 0 0 0 0 0 1 
y.Tn 0 0 0 0 0 0 1 0 0 0 0 0 0 0 0 0 0 0 0 0 1 
y.Too 0 0 0 0 0 1 0 0 0 0 0 0 0 0 0 0 0 0 0 0 1 
y.Tp 0 0 0 0 1 0 0 0 0 0 0 0 0 0 0 0 0 0 0 0 1 
y.Tq 0 0 0 1 0 0 0 0 0 0 0 0 0 0 0 0 0 0 0 0 1 
y.Tr 0 0 1 0 0 0 0 0 0 0 0 0 0 0 0 0 0 0 0 0 1 
y.Ts 0 1 0 0 0 0 0 0 0 0 0 0 0 0 0 0 0 0 0 0 1 
y.Tt 1 0 0 0 0 0 0 0 0 0 0 0 0 0 0 0 0 0 0 0 1 
